url_path,views_total,views_unique
/awslabs/aws-cloudsaga,75,44
/awslabs/aws-cloudsaga/issues,25,10
/awslabs/aws-cloudsaga/pulls,25,10
/awslabs/aws-cloudsaga/commit/1e3537bbc1dd0630219a2de2f259ef49b7e71617,4,4
/awslabs/aws-cloudsaga/actions,4,3
/awslabs/aws-cloudsaga/pull/11,4,3
/awslabs/aws-cloudsaga/blob/main/.gitignore,3,3
/awslabs/aws-cloudsaga/blob/main/LICENSE,3,3
/awslabs/aws-cloudsaga/blob/main/THIRD-PARTY,3,3
/awslabs/aws-cloudsaga/commit/143331239d39e606749526764f284d36918dae47,3,3
